x   y   z
0.2269456721479345 0.7599588286135074 0.629256129853337
-0.2358202390404059 0.7313119494794853 -0.6422346266417427
-0.2862147909966359 0.5504000104581143 -0.7824370255339744
-0.3386894751230102 0.1134951332378929 -0.9266585445490048
-0.2373401360673345 -0.7063728358580893 -0.6481368864875962
0.2799441288384279 0.5898246539603875 0.7732671460629984
0.1338888426674411 -0.9121095402542734 0.3726835688807386
0.03151889082378771 -0.9865663814549799 0.09086870696937874
0.1675350395456104 0.8836069885700191 0.46447889058784
0.01207039995017524 1.008998661825184 0.038981650924792
0.1464831316284757 0.9151679091613656 0.4064458377931013
0.3426266007083969 -0.04229302567241257 0.9465217948990219
-0.2184630783261086 -0.7565769271816174 -0.5959586347410961
-0.307881266947505 -0.4157281811891889 -0.8426145619029709
-0.201042459450713 -0.7973414456955085 -0.5469756176521304
-0.04769494556659766 0.9990547069623883 -0.1278355387262878
0.2888924760659718 -0.5332950655284769 0.7970727626377835
-0.3405764476699686 0.03586333713344126 -0.9313690117794191
0.3412894585010161 -0.09105446319000988 0.9430411386752214
0.008264720911591503 1.009324431333203 0.02738250958939684
-0.3199123366395706 0.3517284354932685 -0.875014624771436
0.2701978668493162 -0.6067451111818969 0.7482038211455261
-0.3060294155241869 -0.4275618911351544 -0.8372703003258894
-0.3241211865288911 0.3163616237789126 -0.8863974155067209
-0.02028712281762964 1.007540723096943 -0.05133419833097583
-0.09377982871573085 -0.9507400918540874 -0.2543457966683443
-0.2884373399918504 -0.5227553871169539 -0.7874285285258718
0.1179567085803354 -0.9307282220093988 0.3278409001553538
0.3177273450678434 0.3893364164105094 0.8772743811288528
0.1102986118512381 0.9575679404467908 0.3069310413295766
0.1814698810396115 -0.8401556305288074 0.5035494675236759
-0.1488117747516374 -0.8890552746099415 -0.4043028370302001
-0.320581524333033 0.344635064110957 -0.877487909551967
0.2896341962371967 0.549359822223357 0.7988637268865892
0.1375961721272236 -0.9076975496144546 0.3823133738077693
-0.03032548319119415 -0.9861709037546127 -0.07898018093312975
0.08709135346135238 0.9772274791161858 0.2451020946358358
0.02324368673678348 -0.9884644974028717 0.06727583321828642
-0.3215016275038595 0.3363930358913815 -0.8802294413409907
-0.1944619504082835 0.8296555531121123 -0.5296562736879229
-0.07020303671138869 -0.9683977628739472 -0.1882888361338984
0.2652870110907104 0.6450738585070741 0.7335434144366419
0.2164059416539341 -0.7679288346774638 0.5990038617352776
0.1161603308982398 0.9511132588979936 0.3246144790073169
0.03224685533858625 -0.9863110469788029 0.09362351537347682
-0.3278428337965332 0.2834643318522387 -0.8956679647553741
0.3217238061222776 -0.3411011727785844 0.8879967597584095
-0.1357450890387252 0.9258401297021247 -0.3682988606210611
-0.2434472062268964 -0.6901439817120274 -0.6632204270485131
0.3428302610513339 -0.00149284884437649 0.9478132475074718
-0.3101254768460113 -0.4037613303844908 -0.8476793116247235
0.3056221201254744 -0.4448318133912943 0.8452272787143326
-0.3404031491038032 0.006202356375472918 -0.9317950314345923
0.319222949716821 0.3766887572679058 0.8821490314630186
0.143935712545233 -0.8988894424039734 0.4009671792346234
-0.2604996528492438 -0.63414414348938 -0.711114838258722
0.2292658835380396 0.7549551612681877 0.6344114250649596
-0.3388895650861895 0.1232986116027261 -0.9254432109684453
-0.3005390320387394 -0.4619604950128416 -0.8205965478502808
-0.2367429624640495 0.728239306253497 -0.6452936085292976
0.1380037611181212 0.9257767476006059 0.3845914880741624
-0.003783450824102841 1.009440599496667 -0.004873351213981521
0.04506622106064112 -0.9822743732824355 0.1279899646697227
-0.2964851031385957 0.5036561590974084 -0.808797648419614
-0.0201070427261317 1.007522601457316 -0.05170384245221515
-0.3264716960408637 0.2933544995195298 -0.8931106129391536
-0.2160859247524718 -0.7625509029398385 -0.58917344416595
-0.1875472368461306 -0.8249992695298252 -0.5095710718548105
0.2745317863431398 -0.592956248762102 0.7579050868596641
0.03638185553406927 1.004218099214236 0.1048451687739143
-0.2057060455636385 -0.7862620339659645 -0.5610740936562615
-0.04677491972838949 -0.9803919891460182 -0.125149639225638
0.135936376601485 -0.909649736151802 0.3781014744420138
-0.2201322542647685 0.7721217194837182 -0.5998016667413592
0.3427581633555022 -0.01490592737822271 0.9475862844077645
0.3236943110822325 0.3447031202582365 0.893289611451112
0.3273848386467264 0.3121921236895962 0.9035896597831889
0.06148064702283572 0.9940376322800496 0.1727361447003279
0.2871813571252063 0.5595063935478071 0.7927394423851843
0.1633203485778292 0.8899915296128533 0.4535945385826444
-0.2777340128553752 -0.5700732282249155 -0.757625241078234
-0.272128594026473 -0.5926117991279397 -0.7420959354177699
-0.3351864521736936 -0.1638546308102413 -0.9175806304346991
0.1966302373889111 0.8297436455951236 0.5456931199102111
0.1333901895590685 0.9320386891347838 0.3706938719382393
-0.3222013065516244 -0.3176574642062446 -0.8798505839694613
0.05128812236987176 0.998770234649959 0.1455484237756221
-0.1230376521576809 -0.9224599223406823 -0.3324678227626787
0.3326567683867294 -0.2397611185786447 0.9179814772182074
-0.2289819138314106 -0.730382935909475 -0.6240448866111994
-0.2404482567557449 0.716037942621969 -0.6571346380470129
0.2198674216029673 0.7781420532421532 0.6092338848016634
-0.2666448793935146 -0.6122179035910201 -0.7279461555219329
-0.3247838149083457 -0.292137248307787 -0.8879072026080952
0.3435580606947272 0.009567800421369515 0.9476130766349196
0.2153947524443822 0.7895465158761863 0.5960101760406127
-0.01568869919581296 -0.9892584660316563 -0.03803890005280821
-0.2996462285636772 0.4840945177015699 -0.8191724827627777
-0.3127728970120629 -0.3851451460976134 -0.855465428422264
0.3377416184657849 0.1890732609431319 0.932438528837947
