x   y   z
0.8824772984562901 0.4703549911601746 0.0005645572983047853
0.05407514191213648 -0.998536869137631 0.0007175723395165946
-0.9009701590027741 -0.4338810581098419 4.976293034561241e-05
-0.8174772475710956 -0.5759608925123176 0.0003122299548880817
0.9841233222910197 -0.1774860178236181 0.0006571767677775254
0.5900176262112801 0.807390364544937 0.0006320524392096129
0.9990453287385122 -0.04368559403004745 0.0005925194149440744
0.9888957279378912 0.1486110334604684 0.0008886135900848938
0.3155707129464473 -0.9489020629814602 0.0005859384675408764
-0.05899837403135645 -0.9982580787860703 0.0002520531811612647
0.01215614570473015 -0.999926111331035 0.0008010674635278941
-0.3959444674309754 -0.918274457180859 0.0002108670453855559
0.05496713851260066 -0.9984881640178498 3.564653783590854e-05
0.985317893478691 -0.1707297536773099 0.0007460891616794767
-0.8575083116180555 -0.514470111382529 8.066515877880853e-05
0.6937181137822704 0.7202466095792253 9.076048824282846e-05
-0.8393549896046019 0.5435836655252425 0.0003681276601607005
-0.9753435402889812 0.2206920442982858 0.0007232141982320292
0.7700057685371872 0.6380369240251349 0.0003105009776970288
0.0781640599601631 0.9969405096245935 0.0007104686566123744
0.9843183556577076 0.1764011754929841 0.0006430122620257352
-0.9331219642530119 0.3595600086614205 0.0008419057179911269
0.05478287689277327 -0.998498290634166 0.0002573663865386324
-0.9853752321519518 -0.1703985089767137 0.0008649433209786138
-0.9922090420238124 -0.1245841760665788 0.000902567757368714
0.7509562400206716 0.6603519709776109 0.0008760034716532329
-0.9986498841886634 -0.05194621073735095 0.0008573544276682807
-0.9558084836998312 -0.2939900380751523 0.0009442314356679015
-0.4350118255943881 0.9004247395496404 0.0006246218762512374
0.02606999517800309 -0.9996601199164739 0.0006882787888787768
-0.2728483008506826 0.9620570693690138 0.0008146048108746014
-0.8846094935339366 0.4663325465262234 0.0005662976406016615
0.4684731622995909 0.8834777281884479 0.0006448643508729137
-0.5629603657512535 -0.8264838937288583 0.0003882564963103458
-0.8347058061892124 -0.5506961204820831 0.0003353100958785062
0.3339447404679999 -0.9425926534371887 0.0007435044225630884
0.691012445452563 0.7228428599838755 0.0008413044174926609
0.5164001449168677 0.8563474121697561 0.0002931735360811112
0.4537837493005118 0.8911118385874863 0.0003080659336958174
-0.7980795330291136 0.6025521213638136 0.0006035468087304583
0.7552984124550394 0.6553810404206832 0.0006832812465059333
0.6333353295270679 0.7738774840844255 9.616229431380186e-06
-0.9929714100777425 0.1183544623925088 0.0003187520846197822
-0.9744492392823116 0.2246078361547612 0.0005873885626485831
-0.9581186895303868 -0.2863713965684671 0.0001038537748754634
0.2773659714580406 0.9607643404483419 0.0005900741993950257
0.9496800706099288 -0.3132215884742314 0.0007667616121726077
-0.4458701309164023 0.895097663027108 0.0002194057005953292
-0.9492837480356766 0.3144206827092295 0.000592239041609643
-0.7411368535623617 0.6713539783837453 0.000304662102721137
0.6019773207546156 -0.7985131841723684 0.0005380590769653887
-0.4265107637094623 0.9044824865302651 0.0002049605127051096
-0.5487760599140606 0.8359693990004654 0.0008522588811544945
0.2806446534800446 -0.9598117411623311 0.0005335256901590501
-0.6618085334765673 -0.749672905351124 0.0008247213423700421
0.5192949049533164 0.8545951097973391 0.0009252884548712031
-0.1852471574306817 0.9826919612288747 0.0006838916664817233
0.9771128332389971 0.2127216752464589 2.057464035798762e-05
-0.7734019960321302 -0.6339158875856613 0.0005199343572071732
0.5442829384671213 0.8389017122962593 0.0009902140211554393
0.6060836142892659 0.7954009382003898 0.0005943436135817276
0.9941256919756259 0.1082317354290458 0.0005394170643325706
0.9999956840629924 0.00293800193800772 0.0009112184869312907
0.6059420194371594 -0.795508811441091 0.0002734001421634094
0.2256254516724699 -0.9742141220273878 0.0006377140473148984
0.5734999964790387 0.8192055627487783 0.000737258355950102
0.006127226645523206 0.9999812283706302 0.0001779399638014184
0.250993656253827 0.96798873160814 0.0002292610913169983
0.6852309519296178 0.7283258491345957 0.0005559099156636044
0.4243713197186835 -0.905488256688193 0.0001961509727888756
0.7505030595056487 0.6608669742638535 0.0007547266017932016
-0.7157907112913759 -0.698314869975562 0.0002930125890193102
0.742906594070647 0.6693950944594312 0.0005890071989181104
0.6040606591615183 -0.7969383414376247 0.0006026327220882559
-0.7909817369502204 0.6118397599136659 0.0004637623661690584
-0.8277840786490249 -0.5610468065457507 0.0008168214802997546
-0.7906889601568089 0.612218072492265 0.0006592384179284643
-0.2072109077168206 0.9782962944441583 0.0008173662368707778
-0.9844703339171891 -0.1755510228878721 0.0009373321177185525
-0.6435258831363744 -0.7654243514113915 0.0005872754007901248
-0.04753771583747499 0.9988694437077127 0.0006890594275047985
0.9908205288497913 0.135183873334876 9.537030311490713e-05
-0.649262811977947 -0.7605641333789603 0.0001402953258308896
0.7675447522613557 0.6409953613529931 0.0005492337773745818
-0.5462260943169576 0.837637782031853 0.0007224555569652056
0.6204780123618893 0.7842238431566839 0.0008180846973157853
0.2577765025632646 0.9662045718822961 0.0009643158052840946
-0.004104581510361326 0.9999915761698319 0.0003746725843130514
0.6249668483290045 0.780651291224008 0.0003319837786580294
0.6119826419880331 0.7908711942569074 0.0006194913482524992
0.2478575609449832 -0.9687964850691831 0.0007399444514630836
-0.9711008023112736 -0.2386697126792604 0.0004343431680308514
0.3084809573562103 -0.9512305183017394 2.008600076674083e-05
-0.2066429001391219 -0.9784164306787233 0.0002116777403179613
0.686242806421182 0.7273725390988995 2.514983656608694e-05
-0.02986958271943376 0.9995538044688574 0.0003540166223713626
0.6851695172257259 -0.7283836438750294 3.721035253703397e-05
0.4320772543651165 -0.9018365962081504 0.00089764303288
-0.6274960337450841 0.7786197580553605 0.0004500658832428788
-0.9121641360825852 -0.409825071029959 2.619979149636487e-05
