x   y   z
-0.7383152844030332 0.6744557367365691 0.0004297306979177149
-0.9900136179677611 0.1409717568819513 0.0005790780088729907
-0.9633541974110237 -0.2682325303362037 9.255810025939515e-05
-0.9702083063882205 -0.2422722481327584 0.0007088291006304878
-0.09491871677381629 -0.9954850261083851 0.0005125431877183653
0.9991344753141835 -0.04159687775123567 0.0004513853402200653
-0.1069946745312685 -0.9942595936786066 0.0003664753632767787
-0.3241294754413121 -0.9460127288520699 0.0006652029099710664
-0.6186674450280569 -0.7856529720318356 0.0005018811821756576
-0.9804619468803173 -0.1967088475886582 0.0007623863671143233
0.002672056216181149 0.9999964300514165 1.439471897412059e-05
0.7485275325932228 0.6631037120616214 0.000780005577446767
-0.1947711956958189 -0.980848704605976 0.0001662153077677763
0.9909203445224529 -0.1344502540403078 0.0005874016597935044
-0.04680721760444994 -0.9989039415179668 0.0008024978961413829
0.9393220922836345 -0.3430364513399346 0.0008763957628876385
-0.992164338323305 0.1249396884879999 0.0003950915160967008
-0.06021633817288203 0.9981853498309065 0.0002875721247737173
0.7003657899389599 -0.7137841132185394 0.0008594626382328742
0.4493520696700748 -0.8933547545534306 4.571267392812306e-05
0.9554670562109681 0.2950977880221179 0.0006881334022711674
0.7705144458256904 0.6374225355083779 0.0002030336666707592
-0.9857175323048255 -0.1684070856789743 0.0003909867050851896
0.03336446003253913 -0.9994432514188772 0.0002952966604849079
0.988501387794816 -0.1512117929518817 0.0005168982257563923
-0.8957966730134574 0.4444640824836363 0.0007219245573278414
0.9999270974416802 -0.01207475887364508 0.0004187301582688627
-0.7182713673739652 0.6957630651383661 0.0006211289044557166
-0.05127421067469041 -0.9986846125377559 0.0003522375745147976
-0.2665403779919971 -0.9638237530274315 0.0004501880691722432
-0.5965321838237654 0.802589156207863 0.0006597033007324271
-0.03588924861107017 -0.9993557734031123 0.00025799634124431
0.4355175748627862 0.9001802275020472 0.0006893426160071273
-0.3661746633362507 0.9305461385286511 0.0004676688007974568
0.3765533510540349 -0.9263949340373018 0.0008962600455414696
-0.6235830328986012 0.7817571240999228 0.000761911818720384
-0.812146406106283 0.5834536957194192 0.000468119499766042
-0.5311760577172284 -0.8472614683248517 0.0006464122765923412
0.963267807626252 0.2685426051689266 0.0001024288478719286
0.121238420011819 0.9926234157589865 0.0002093317059610533
-0.4620579549099497 -0.8868497315241376 0.0003011780837053268
0.9488549950453028 0.3157122081541642 0.0006946490889102326
-0.9992240890878399 0.03938552762851578 0.0006169564528108405
0.8739770197486082 -0.4859672509041539 0.0009336857511166066
-0.980214042199284 0.1979404745759196 0.0006848173899095592
0.2225374287740854 0.9749241472004982 0.0006985363167041265
0.4339889733369598 -0.9009181822018754 0.0009500742631645317
-0.2522965501216644 0.9676499629497779 0.0003994249019441881
-0.2596075210936851 0.9657142097906564 0.0005755785040070742
-0.9999124790224247 -0.01323005272963847 0.0003347154469636109
-0.977716924976989 0.2099276413756434 0.0006577245126002799
-0.2275431380454387 0.9737680012859502 0.0007410870254238281
0.814002317979184 0.5808616240762644 0.0007864280787807475
-0.2049131220518208 -0.978780165517761 0.0003755848134957095
0.9046623297812294 -0.4261291694718846 0.000100355615907081
0.9107873032045113 -0.4128758751991372 0.0006542336563667221
0.1147209189539838 0.9933977605945936 0.0001938417419317432
-0.951813108699992 0.3066786691422426 0.0008526070038722197
-0.9950284829728882 0.09959075294761527 0.0007951628366629216
0.7434213584959481 0.6688233576453793 0.000291112299439718
0.5027525272158088 0.8644303883934885 0.0009793265544434716
-0.9900938101618271 0.1404074324216351 0.0004584216556145918
0.3540822410742055 0.9352142891101848 5.244870713811001e-05
-0.7215544976952651 -0.6923576437476037 0.0002689852045201535
-0.9354555198348891 0.3534444375152019 0.000451247648025671
0.9985741360020818 0.05338253373244829 9.313527925442267e-05
0.9999535248284915 -0.009640963804274986 1.051804485226582e-05
-0.3916839021549472 -0.9200998428391746 0.0009202269522173764
0.9964876120122668 0.08374030753520129 0.0003346436172894983
-0.8754385281100439 0.4833294771690631 0.0008534406439919362
0.7866029378824281 0.617459163115046 1.581246286300753e-05
-0.8810705445356769 0.4729848787769073 0.0008128356528943598
0.2132650367441771 0.9769943828408149 0.0006622341148727192
0.8855203509222412 0.4646005898646176 0.0009514033887267765
-0.1738503926605104 -0.9847720756458249 0.0001612105684965297
0.9984307051638979 -0.05600113379139402 0.000843415863621927
-0.9995812827537662 -0.02893543102038136 8.112806140235197e-05
0.06242786609428883 -0.9980494785003966 0.0006224678904436444
-0.1934725022312517 -0.9811056981183925 4.634457003539383e-05
-0.9328624591946677 -0.3602327472971842 0.0004528263675565175
-0.6807594913527577 -0.732507006746785 0.0007280174444792654
-0.9969376457590899 -0.07820057843982592 0.0007972886578698237
-0.9689437056841593 0.2472814089555647 0.0007563686475023276
0.7887162259342714 -0.6147574439955968 0.0001303113437930736
-0.9119443202926383 -0.4103139733009322 0.0007897814598370648
-0.794086157756396 -0.607805210622354 9.957046274278602e-05
-0.9144419111239674 0.4047171743081162 0.0001344778228480638
0.2852574828472755 -0.9584509212680826 0.000947737936555999
0.9003152926231311 0.4352382954990583 0.0008387018893668677
-0.9328987634970958 -0.3601387191980192 0.0008984323597338334
-0.9178428447744184 0.3969439661922109 0.0003804938774364599
-0.3669769558875141 0.9302300327593888 0.0005626960259860193
0.6591067133954861 -0.7520494268045157 0.0001957414999182632
0.4504792451918465 0.8927869004703106 0.0007581182511821098
0.826904711773522 0.5623420646250363 0.0008179625909084227
0.3149738362253184 0.9491003542795179 0.0005456334248028458
-0.747352945505137 0.6644272532375503 6.322478581099522e-05
-0.9805460354538376 -0.1962892568526395 0.0009160268721786054
0.9397276001341706 0.3419240230607855 0.000610177045429883
0.3682943584788632 0.9297092370804125 0.0006508997055537778
