x   y   z
-0.3337284751166741 0.2125601165459703 -0.9130902469906971
0.05465855927321911 0.99757699576184 0.1542126139055052
0.2910902128440513 -0.5210426286359465 0.8052546559693313
-0.04295515739029115 1.001500144982773 -0.1127909489579135
0.1669616309492578 -0.8645241412842596 0.4632265114518578
-0.001408800908490306 -0.9892886896965704 -0.000288699804177118
-0.3296376910436316 -0.2440434474402512 -0.8999781605304038
0.320113063940985 0.373336555491621 0.8825727911152944
-0.1897238675183022 0.839819069000265 -0.5162393831871935
0.3315270422855363 -0.2504911115623805 0.9164249157155189
0.1360010999672414 -0.9088094191131624 0.3773605738136653
0.3388074787528482 0.1731789331185277 0.9354918175454117
-0.1060633137751276 0.9594225006711605 -0.2881965404276753
-0.2539286036713147 0.6760925494107382 -0.6937879608986042
0.2523784506069263 0.6888678780740611 0.6981527967837621
0.2173041034410668 -0.7649399066748938 0.6029369906368228
0.0408748302461615 1.003120504462049 0.1161810661900174
-0.2437285596937731 -0.6874613867206647 -0.6638060033955359
0.3128281234670028 -0.4038128451148729 0.8627399026506082
-0.03813435898175861 -0.9826403294177894 -0.1003958100179819
-0.1436801677584592 0.9157417631071378 -0.3914527398632229
0.3425822340345313 -0.05818200928556305 0.9462487507903633
0.0726639548896722 -0.9674245668925732 0.2049111049934279
-0.2130122227921876 -0.7685159854259966 -0.5816491778904141
0.2622461137602429 -0.6361593935211104 0.7263937014415925
0.2037179247370849 0.8158048396669035 0.5645270962200734
-0.3350401695166021 0.1945350402473799 -0.9153788758835002
-0.3389809445073743 -0.09264615588997865 -0.9271084216206121
-0.3157289151096551 0.3859455409049785 -0.8639170949544499
0.0893974396525137 -0.9557127740385238 0.2508833195374358
0.2887628442911599 0.5522720544635709 0.7968479980415646
-0.3335524481733468 -0.1951332930526246 -0.9113369010279819
0.2545484299439754 -0.6622955919371309 0.702973224067021
0.3382401502459355 0.1847161839659694 0.9325237708110152
-0.08946980130959931 0.9741244859803936 -0.2415479436177753
-0.1178406414320233 -0.9266201702493604 -0.3195876263209328
-0.2989608792662621 -0.4687333303790503 -0.8165607970674159
-0.1238322850370577 -0.9198544912354657 -0.3366224927354491
-0.1148707974462757 -0.9298923303479066 -0.3106057200303172
-0.3293928761427088 -0.2468523770232569 -0.8991804399968413
-0.2545467278141276 -0.6530480648985494 -0.6951407771236634
0.2306335928704934 -0.7319728363070025 0.6369360243478348
-0.2209895513833448 0.7703452538360669 -0.6028659220089775
0.2349540415632807 -0.720107523944284 0.6503471661556206
-0.1667789423134164 0.8810913465843334 -0.4538496170524082
-0.0002721687619201983 1.009798583645522 0.00507260200775219
-0.3013445257215286 0.4769574506267076 -0.8230225234795526
0.2295545016516337 -0.7346854720632221 0.634673631474813
-0.1888219209813599 -0.8203623505212151 -0.5155884250293724
-0.1219031459432406 0.9429060171933231 -0.3308595881792932
0.3383633866541106 0.1804229968914829 0.9345801330500296
-0.3374232470677402 0.1496010047321276 -0.9237209326920005
-0.04394533099790581 -0.980508588105199 -0.1164899687996511
-0.2756400583817576 0.5971696408049932 -0.7540648676742387
0.2702504872153664 -0.608048657705013 0.7462311605724157
-0.03568242241408538 -0.9835284281305903 -0.09215932401466699
-0.33055218058551 0.2526243956821813 -0.9050755441484396
0.1548407482447195 0.9031970379416733 0.4309136363170897
0.1360210313166505 0.9289735554652175 0.3777641083113549
-0.2798494601250572 0.5803213000113508 -0.7639139663598532
-0.3407911680108283 0.02623309512947476 -0.9318137437531128
-0.04172946754136197 1.00196019088624 -0.1112971744110511
-0.2967427839528604 -0.4803973669891022 -0.8104966925855696
0.1265205608772161 0.9403456605441276 0.3519806181056316
-0.3397172315974061 0.09164013612978411 -0.9287358072633217
-0.0117043931745665 -0.988604624559374 -0.02793641401210941
-0.2453626694090759 -0.6822350754068296 -0.6694251330410296
0.1438650983140591 0.9186598140355091 0.4004317297479733
-0.2730786043535828 0.6073201954805091 -0.7471644790714155
0.1443617241719034 -0.8978979182184665 0.4013400675802211
0.2875097612921512 -0.5380527298420963 0.7932375263618731
-0.2389342844652416 0.7220975725259928 -0.6527841793374393
-0.3210870698600241 0.3459505665966232 -0.876578443435074
0.05206478938679099 0.9986376903415938 0.1488144546448641
-0.3226120787902397 -0.3105171105649983 -0.8829290778659731
-0.3301393958933534 -0.2367361848457452 -0.9032149222925169
0.1825361290488752 -0.837765583742449 0.5059933206887742
-0.3067021317967454 0.4460597142648655 -0.8375993871698737
-0.3383058929644741 -0.111383038188488 -0.9245808258871167
0.3086017969953548 0.449102074501705 0.8526071622415419
-0.2577669807929117 0.663678609150151 -0.7027398676982918
0.2160580069763359 -0.7680356558897604 0.5985576600626253
0.2905569265080197 0.5431977832849655 0.8040436156195866
-0.3206868139021376 -0.3280881593500009 -0.8754244236570375
0.2921726804442342 -0.516589447498908 0.8063480099560939
-0.2820861490930521 -0.5500095146423102 -0.7691269094502241
-0.2693471122840514 0.6219201493291301 -0.7360478089220965
-0.1743233636334642 -0.8475731021915385 -0.4734693136107884
0.3167950804329848 0.3962688146658227 0.8752275617994547
-0.3190262198342404 -0.3411998302768752 -0.8709780494836068
-0.06775274850186724 0.9893691163737064 -0.1808893886550498
0.2995071197468833 0.4992866644954633 0.8286300001453358
0.2988210507019654 -0.4835684100801655 0.8254560097035896
0.2217548062133912 -0.7544130982928241 0.6136041077644078
-0.2809323296024223 0.5755392475354379 -0.7675465121594834
-0.340714124134 0.02042193856502964 -0.9329402809585596
0.3354073553916825 -0.2051271053940171 0.9260283342712434
0.2990715940456187 -0.482535437844995 0.8254380787708263
-0.2640347000582419 -0.6206317541050115 -0.7205387978841543
-0.309953279787438 0.4251684428256414 -0.8480433714219973
