x   y   z
-0.3344913643177779 0.2160685427047038 -0.9151894101752395
0.05426366877146485 0.9943330373168796 0.1531142359224481
0.2901494902785298 -0.5244320003259059 0.8026847648581946
-0.04391308949788326 1.002213949408225 -0.115411534124123
0.1673009578361201 -0.8673895978178516 0.4641474250861872
-0.001520663271843377 -0.9888012017693457 -0.0006089752434603056
-0.3283326143088337 -0.2420900392041858 -0.8964005935257005
0.3201317044935601 0.3723626452372841 0.8826085980609499
-0.188753084801927 0.8409246919190329 -0.5135584859696614
0.3321162565293208 -0.2489697941816175 0.9180504095607692
0.1358981772736698 -0.9079060979809528 0.3770723461347431
0.3375708969062632 0.1736667857523861 0.9321003575977798
-0.1044913578428903 0.9612847052093075 -0.2838796910198439
-0.2554288275421326 0.6740691048072156 -0.6979094222072226
0.2525579538418667 0.6863728944267088 0.6986580882427663
0.2177226739382651 -0.761693357359208 0.6040776546786264
0.04036650081284976 1.004369859566109 0.1147816855955867
-0.242783530878674 -0.6876277374722194 -0.661210908979549
0.3124113851696161 -0.4063257459905485 0.8615861449520301
-0.03742263901098557 -0.9800456631501433 -0.09845233210970016
-0.1446199833418225 0.9136810422912698 -0.3940258194806171
0.3410371248138159 -0.05637813682655825 0.9419901351824902
0.07163189952213457 -0.9679408581262524 0.2020805928450702
-0.2136524151627444 -0.7668598003495668 -0.583394186656425
0.2636293753399134 -0.6336985032684355 0.7301901067640951
0.2043386638828733 0.8183551728659743 0.5662274619755346
-0.3343807407102809 0.1980947514062044 -0.9135779117250982
-0.3381081520560099 -0.09265104867937676 -0.9247055396759947
-0.3152388301240932 0.3869227494529587 -0.8625651761714493
0.09090154268634736 -0.9575968920071932 0.2550118886132182
0.288781368991822 0.5567997032977962 0.7968876381401108
-0.3350250826962384 -0.1944259767271294 -0.9153804610143876
0.256085634988448 -0.6584973619432181 0.7072106933968618
0.3399249423980014 0.1887329787127255 0.937163604913995
-0.08991464713769276 0.9705625264236315 -0.242784246471883
-0.1184456302460016 -0.92639608362071 -0.3212364110473003
-0.2977782994151673 -0.4664404688441416 -0.813309460646895
-0.1218514207364618 -0.920656098833781 -0.3311712298403244
-0.1161880098827874 -0.926048573630458 -0.3142345167720521
-0.3288491305586277 -0.2500880921993505 -0.8976786997022629
-0.2548311434313494 -0.6518482824454566 -0.6959137051687029
0.2293118538927356 -0.7272907681223866 0.6333151997173067
-0.2206595418316318 0.7692651201175366 -0.6019462646755157
0.234704829362921 -0.7187547505116619 0.6496745564688505
-0.1685761898617566 0.8848809318012982 -0.4587930491569954
0.0005604931835913083 1.009583576598305 0.007359883542810241
-0.3031051070843642 0.4752992363600032 -0.8278610585056259
0.228072288350862 -0.7377821505558322 0.6305965720369062
-0.1873931899748738 -0.8196836968094938 -0.5116685730804613
-0.120461272013307 0.9413511685410344 -0.3268919865115209
0.339441203665158 0.1789166498406881 0.9375510224728606
-0.3362918837582517 0.1479375003509625 -0.9206066882317309
-0.04443569439118254 -0.9861995803976348 -0.1178345586431505
-0.2739633308760256 0.5970545138231306 -0.7494619511027455
0.2707576267610811 -0.6100958023275757 0.7476370297875826
-0.03709500787151915 -0.9794983444578127 -0.09604388131436654
-0.3309496098005513 0.2559172326827084 -0.9061596936598165
0.1558835986550326 0.90493396990911 0.4337710250115538
0.1370312723281861 0.9248939762230728 0.3805518004754629
-0.2812328579489905 0.5816206095773513 -0.7677158097071353
-0.3403605958872886 0.02731534381475885 -0.930627509369315
-0.04182927423381617 1.002527605601585 -0.1115609624246131
-0.2959900355191379 -0.4800037970219273 -0.8084377112744253
0.1246187635723073 0.9396098057787682 0.3467568963151536
-0.3410587539041527 0.0917076168666822 -0.9324166060216649
-0.01276441412142429 -0.9894506736697852 -0.03085428711231671
-0.2441118470526491 -0.6804398962582402 -0.6659911924162972
0.1432352163397536 0.922800788568075 0.3987037266772677
-0.2730965581869956 0.6060957474067783 -0.7472234134412805
0.1449914995623849 -0.9006734862013556 0.4030752993233282
0.2873384607927107 -0.5351315736363723 0.7927595249581432
-0.2374098671379684 0.7187250428530263 -0.6486024120649682
-0.3197375938037817 0.3410464115501073 -0.8728796543543127
0.05186072490519198 0.9949469811084677 0.1482399156842359
-0.3238069595557987 -0.3080985536730516 -0.8862261683171018
-0.3288148747490148 -0.2354693166651537 -0.8995735345770411
0.1812066148292508 -0.8405199908082603 0.5023425870410045
-0.3073750780690986 0.4487485510260409 -0.8394357983296904
-0.3387732339488301 -0.1097935228169623 -0.9258525027816047
0.3082088229790145 0.4527261025045176 0.8515310764974224
-0.2582689133896777 0.661603212277162 -0.7041187835734797
0.21538943555932 -0.7723710238864889 0.5967256917018962
0.2912585009838746 0.5434355705518927 0.8059618118649889
-0.3212758292839181 -0.3249999214100884 -0.8770440487459237
0.2928540323020078 -0.5159488346461136 0.8082070206960292
-0.2816000873882986 -0.5480437777036455 -0.767776793862577
-0.2702565840082998 0.6168672433345224 -0.7385462881861068
-0.1742819852887237 -0.8512849218554148 -0.4733677204646191
0.3177179058060238 0.3925993219883328 0.8777614199439359
-0.3194087799522143 -0.3430358623242424 -0.8720408466389667
-0.06740510709140374 0.9931756148966753 -0.1799332391249858
0.2999177814555276 0.5031344143982859 0.829755672271867
0.2987722310691514 -0.4863379106988723 0.8253284957316666
0.2204511556114796 -0.7591445590545081 0.6100170739595939
-0.2822706521410321 0.5724457466907091 -0.7712301418865107
-0.3410127525668475 0.02362276565291341 -0.9337675524115698
0.3363019095969561 -0.2041714051892924 0.9284965210847093
0.2981703985956564 -0.4840931369189023 0.8229604508509947
-0.2636331254194345 -0.6264611834251798 -0.7194307089855247
-0.3101752886729413 0.4221641117006809 -0.8486581223820384
