x   y   z
0.6728469335935497 -0.7397817272369989 0.0009945595888877271
0.7358263492581573 0.6771702767675294 0.000970153243277725
0.2896550076307493 0.9571311177442883 0.0005477623825110624
0.3223496614828226 -0.9466206715162677 0.0003320208672891917
-0.2206256146977697 0.9753585690089729 0.0001878413090020158
0.2063752946173785 -0.9784729111077067 0.0004023604389814115
-0.04456290785411406 -0.9990065801803238 9.914256679736144e-05
0.9760933925243964 0.2173515333974312 0.0008375973372580811
0.1572217729530062 -0.9875633215695657 0.0001903148639526744
0.9850550972707756 0.1722395289730638 0.0006565803969499496
-0.007903343555122923 0.9999687680926088 0.0006674143675228685
-0.9664587949222688 0.2568217236088021 0.00098261741892015
-0.9677102974271901 -0.2520650317941373 9.560848519880683e-05
-0.4346872777606189 0.9005814624746962 0.0004236404678211538
0.3757375803749152 0.9267261033843841 0.0004859687680624908
0.6887027265789721 -0.7250438292977118 0.000820133833455937
-0.4762309790823359 0.8793202229917607 0.0005253140514176225
-0.9413239366254357 0.3375044389870936 3.382585897031909e-05
-0.9631845563757543 -0.2688410503610663 0.0002230135094743203
-0.9735528149583422 0.2284620679383952 0.0003713519688394387
0.7754737760640625 -0.6313797768672547 0.000195093529039178
0.4294286294301305 -0.9031007984858388 0.0002078578814816575
-0.7933123429141654 -0.6088148541059404 0.0008493506281029428
0.9998782094652405 0.01560660874708253 0.0004099377823410736
0.864705715267002 0.5022788329051727 0.0008664443171603502
-0.1807681620314912 0.9835257350958115 0.0008779058359514035
0.1433337213608651 0.9896744132899697 0.0007930778128695503
0.8616794140923767 0.5074530395311654 0.0009823114846981694
0.988604799922631 0.1505342139512971 0.0009563415261260539
0.9744425184076874 0.2246369923215763 0.0002486443452577533
0.5625818211214344 0.8267416129261248 0.0004040857515737575
0.4896124136933049 0.8719401839331733 0.0003535418268368858
0.621370815409374 0.7835166301728954 0.0006211391646024841
-0.1913639727668151 -0.9815191439431539 2.441327520745062e-05
0.6513828145698943 0.7587492529703095 0.0001047572850311754
-0.1605518432018104 0.9870274087605173 0.0001552902072199897
-0.9509078884950019 0.3094740499589216 0.0009746105763757402
0.74390143810894 0.6682893463010247 0.0004570433601527963
-0.9547792742514564 -0.2973155519979778 0.000567488441274321
-0.5646226797669177 -0.8253491561108091 0.0009992866111287228
-0.8064202396722667 0.591342876043099 4.09891515421077e-05
0.8994539431963781 0.4370155650185549 0.0003149603844245479
-0.6135640534917947 0.789644953294022 0.000615297140943977
0.4523598536015303 0.891835502124468 0.0001361529781405243
0.9996604290483883 0.02605813874382311 0.0009322569157269528
-0.9965403202432581 0.0831107100767681 0.0004533827462181077
0.9581821438880058 -0.2861590102271547 0.0009023850605877401
-0.8765248987231234 -0.4813565226715207 9.9722268692373e-05
0.0942734670824399 0.9955463391546654 0.0001540971680092975
0.2828146148906103 -0.9591745897407186 0.0007799216331587753
-0.896004801260308 -0.444044362782004 0.0008809593235239253
0.8342627901561455 -0.5513670256379893 0.0009134694505855981
-0.4826287253705235 -0.8758250472824032 0.0008659914002736894
0.2282938859312141 -0.9735922666324059 0.0002728030960508259
-0.8118491304516481 -0.5838672703490948 0.0002267294265097778
0.9893031932422096 0.1458738901954947 0.0007629295110912346
0.6458875374107952 -0.7634325700527969 0.0008675727125223012
0.1083153458485395 0.9941165856446171 0.000242717756118499
0.9322276158671651 0.3618724529646064 0.0008630623856776036
0.5308435436319402 0.8474698414600277 0.0001933174210331666
-0.7528713579450355 -0.6581676977685841 0.0008448890495539471
-0.8233744623887951 0.5674984534657012 0.0009707000620555039
0.6354401518842907 -0.7721501235985587 0.0001940695017526419
-0.9803708696435546 0.1971622630077584 0.0003519244508831127
-0.9688216254439133 -0.2477592744423787 0.0005820396117759156
-0.9256430841788429 -0.3783977810609881 0.0009846981459385397
-0.9398151549470328 0.3416832956582525 3.245077876625524e-05
-0.5780554313303824 0.8159974989602882 0.0003492489525372555
0.1719490339199642 -0.9851058469697512 0.0007327141960021584
-0.6986435079035066 -0.7154699496584626 0.0006564455793400714
0.001310485969873206 -0.9999991413128927 0.0005989548981309428
-0.8492943899893179 0.5279195385024809 0.0001344257903948873
-0.5776212712181028 0.8163048860789595 0.0005848070912242505
0.9914641016665666 0.1303799643599738 0.0004316553666998141
-0.847932411497088 -0.5301043534368804 0.0001274656682948456
-0.223254827784042 0.9747601150391402 0.0007888017263096564
-0.5215210874529941 -0.8532383930308378 0.0008358803207272323
-0.5217353891085642 -0.8531073694159107 0.0009389464198836589
-0.999282617673306 -0.03787149344804715 0.000126988137063514
-0.2406254093516973 -0.9706180568969074 0.0003153739540572644
-0.927502843960807 0.3738160970913571 0.0004265324774360709
0.3405760564617138 -0.9402169695155409 0.0009267574674859228
0.6951104547583088 -0.7189029528981621 0.0001493495891055205
-0.8313513232808882 -0.5557472242657772 2.951343073520962e-05
0.496538890531675 -0.8680144757949451 0.000392468244686185
-0.8766174812481761 0.4811878963254412 0.0001685874356442257
-0.6609833910575865 -0.7504005308806848 0.0006045749882817521
0.20014316325675 -0.9797666631405572 0.0004225164134473677
-0.3797976274070672 -0.9250695985794596 0.0003449388818261972
0.9932975405646178 0.1155854485144277 0.0007185057580025339
0.8353920333706168 0.5496545738742707 0.0002587645245750538
0.5527602303248702 0.8333403432999007 0.0008909065950259977
-0.1915948299935738 0.9814741061891208 0.0004099026252289177
0.126534592183502 0.9919621953385899 0.0003103642694871096
-0.03214863160515681 0.9994830991497134 0.0009740181725953745
-0.3532263814944239 0.9355378791991031 0.0006351096882323849
0.181588893546137 0.9833745338072822 0.0005549927358139525
0.1468637388289609 0.9891567328877556 0.0006271134534313751
-0.925898382755899 0.3777726628675118 0.0003938571164499258
-0.2370223391458382 -0.9715042000659777 0.0004151674380047207
