x   y   z
0.9553849087187598 0.2953636338353912 0.0001969209589634853
0.4957548976893165 -0.01541569088010798 -0.8561257755705592

-0.9972529373480409 -0.07407144490763308 7.229936078628641e-05
-0.4883569350216645 0.2569795816914234 0.8487500460151991

0.7637452100571553 -0.6455178185881096 0.0002860805470889848
0.2548850144124349 -0.8460961309655241 -0.4390701493565239

-0.09221661877189299 -0.9957389694203392 0.0001933673993226937
-0.2064901373262075 -0.9051379530704623 0.3602874352694189

0.466202483865071 -0.8846780454142842 0.0005009518434623517
0.07557475531038473 -0.9779111875414354 -0.1289057477632981

0.300929327463682 -0.9536464438523619 2.102575926066308e-05
-0.0133241691297478 -0.9905870562306804 0.02604066273206736

-0.9968575033799748 0.07921564211090809 0.0008467270719521264
-0.4644061988467657 0.4021410604648071 0.8057129170456959

-0.8811310939468479 0.4728720707337569 0.0007939111385402399
-0.34677009493127 0.7383573732000548 0.6020506315527764

-0.8296217320576152 -0.5583258741073375 0.0003103965155101607
-0.4863150864691861 -0.2554483750193384 0.844743811794619

-0.993644899246567 0.1125602691951284 0.0005376796629316885
-0.4573009894223193 0.4327212873554631 0.7940233399209455

-0.5794006888602568 -0.8150428465720436 0.0004177869257625979
-0.4087521378354315 -0.5785450245068172 0.7101825616810659

-0.09560970140251721 -0.9954188992568513 0.0001613904894876086
-0.2080193659340925 -0.9037527846921863 0.3630002282211959

0.8994379728468324 0.4370484332441667 0.0002542988851267872
0.4917772433979643 0.1367123746853557 -0.849352649051925

-0.760760381371994 -0.6490328513524861 2.693889999140875e-05
-0.4678957652815728 -0.3633764202307536 0.813407134382199

0.9437232407819027 -0.3307362163539138 0.0008304171266579049
0.3898793523149484 -0.6051234984580764 -0.6739926133051428

0.8864773385867544 -0.4627720045250629 0.0002344600796079732
0.3422207652943459 -0.7120173314469329 -0.5902473722877265

-0.9927154456528118 0.1204825462975417 0.0003341477739249742
-0.4554214517591016 0.4399337957268184 0.791174683243512

-0.8499679167348725 -0.526834452671217 0.0009444825193965756
-0.491486295477543 -0.2191135041986853 0.8524324189433212

-0.9596064582538784 0.2813457752969603 0.0007263004071121812
-0.414429450072106 0.5818461300400902 0.7193841376135941

0.1913044240768979 -0.9815307521054072 0.000160444505581125
-0.06983960835693408 -0.9820649607468103 0.1236549677514723

0.49600458721649 0.8683199004170061 0.0002316066504622144
0.3693595147084273 0.6741021227711604 -0.6372683877115749

0.813592146950874 0.581435996838747 0.000861502651191601
0.473585515625859 0.3009346822670814 -0.8190584619172552

0.731516682384638 -0.6818235427095289 0.0009191403056809406
0.2332768998248421 -0.8702319102878915 -0.4029074903689964

-0.5439360576945607 0.8391266681137596 8.598269586029573e-05
-0.1279831775760525 0.9779920143720794 0.2244914344956721

-0.1053069498309206 0.9944397650523172 7.572570598732575e-05
0.1046437521989831 0.9853536940691318 -0.1784330865583127

-0.1483991654405176 0.9889275442096644 0.0002909339909220521
0.08315783931172537 0.9938680342646213 -0.1416467915857999

-0.3487480471890554 0.9372165169168863 0.0004962539495444873
-0.02020566708902193 1.008731965779138 0.03698354179104821

0.9475486452600497 -0.3196115843736653 0.0004482467662765206
0.3937964108086147 -0.5957990570524095 -0.6800132989414496

0.3071673287894126 0.9516555217747528 0.0007413801764663443
0.2927140548377823 0.8132948789045186 -0.5055283180759427

-0.6341476115072439 -0.7732120063861255 0.0007552761933500629
-0.428320471944585 -0.5214424783311239 0.7434021063712948

0.9559421486851651 0.293555119810896 0.0002385415727372079
0.4956946440699228 -0.01730748734745913 -0.8561046270501894

0.9132856709601476 -0.4073196327442037 0.0007148368782601129
0.3633480200793736 -0.6680060132193752 -0.6278043417575175

-0.9364746389409427 0.3507352999349094 0.0002161395288632602
-0.3919650192912927 0.6402394415664969 0.6814919487483067

0.2443203218201399 0.9696945809612959 0.0001276877168911074
0.2663385271237002 0.8504297757070868 -0.4586149773610388

0.8888722275739193 0.4581551735468876 0.0006472865094550119
0.4897943449109928 0.1600862531645829 -0.8467042878454145

0.8124945754471631 -0.5829687511942079 0.0005337219158016909
0.2877426355718142 -0.8023538293498734 -0.4964803885576889

0.6943314087681005 -0.7196554000340059 0.0001213713501708786
0.2103157284184865 -0.8942338325340708 -0.3615393531859054

0.7763994411034467 0.6302411505560832 0.0002715556646264772
0.4642508178129376 0.3590508500491109 -0.801710179750266

0.3352865925734587 -0.942116182241065 0.0009198394848785856
0.004016848547980659 -0.9906124987482509 -0.005794301118089417

-0.9598561930024061 -0.2804925823527742 0.0007036641856315429
-0.5040854717728352 0.04940781622041969 0.8747342028084913

-0.6185608147251358 0.7857369270223821 0.0001833427203643834
-0.1719416200541094 0.9511807783457541 0.3004397146098071

-0.7632484377099324 -0.6461051170926813 0.000929702120450993
-0.469389970383378 -0.3598082244876077 0.8141896712320281

0.8661768683431667 0.4997375638745045 0.0001619992858940159
0.4860878147607647 0.206734463949242 -0.8393140182633215

0.2353044536462516 0.9719217119162629 0.0002638124351084554
0.26230313184935 0.8554151683724905 -0.4518973910303763

0.1978726482654778 -0.9802277363288627 0.000702388282449782
-0.06698864829414948 -0.9829240660488857 0.1176327516342103

-0.6788569750703095 0.7342705273932688 0.0006650344128845652
-0.2091361768074974 0.9216241861890411 0.3639032638175361

0.9042300186410055 -0.4270457509313104 0.0008392287670208582
0.3558045751640296 -0.6838155204454792 -0.6149865427625338

-0.9960150444897995 0.08918537520234258 0.0006602433535117057
-0.4622562859142706 0.4113219111212714 0.8023618057852763

-0.4157451425886152 0.909481157811404 0.0008460574329961987
-0.05667875816786742 1.00380440236994 0.09946086603886931

-0.9221384815699786 -0.3868599498627562 0.0001928487267578187
-0.5027241200851997 -0.06343396824632044 0.8733993024073985

0.1299769394546615 0.9915170171056064 0.0007895637895626098
0.2150578662044434 0.9075689587554941 -0.3711137004204657

-0.6362402198195125 -0.7714910127046318 0.0007447481827107164
-0.4290286891165111 -0.5191441203971731 0.7446498719278634

0.05782478254541884 -0.9983267473746134 0.0004112388552854499
-0.135988495346207 -0.9554277145881062 0.2377328574822268

-0.3934118567754716 0.9193623393137635 0.0008321866614454421
-0.04450820472598319 1.006049497202524 0.07840734439513049

0.2482165221216547 0.9687045773329608 7.053084449109214e-05
0.2680765827073902 0.8482492292300736 -0.4615112043430437

-0.1833990047200493 -0.9830385572640045 0.0004090106347415521
-0.2478626799816846 -0.8640290608106884 0.4315190726894537

-0.5198348372379449 0.8542667861937506 3.18690866751139e-05
-0.1141016925117817 0.9846579374377339 0.2005547519070098

0.9816562764147231 0.1906592640696509 0.000554964229149361
0.4912045823832287 -0.1230318828890878 -0.8489586386427271

-0.6914599385485485 -0.7224148070066377 0.0003667136289052533
-0.4470464904386038 -0.4550235753609632 0.7766146768252273

0.2580548666126918 -0.9661302633793778 0.0004971766576122409
-0.036044152715887 -0.9887499183339403 0.06444273472197587

0.3394411773372301 0.9406272838525975 0.0003542461427287124
0.3065856112515011 0.7925524426587165 -0.5287813709027234

0.3039898627544153 0.9526752664694049 0.0007771272580149764
0.2913398812289431 0.8152744636708136 -0.503219565480818

0.8305744661333403 0.5569075831835267 0.000764489301640882
0.4778074103340045 0.2722719263250323 -0.8261770066931636

-0.2707741624862827 -0.9626429000049043 0.0008292714295333951
-0.2863816040200485 -0.8168403548623607 0.4973984789609855

-0.9420039560937562 0.3356017680282877 0.0008814044606733917
-0.3975737325852702 0.6276585600000439 0.6898766650685809

-0.2580936803344994 -0.9661198953398037 0.0002914998103670763
-0.2804609796347027 -0.8241787556044936 0.488218751083183

0.1786156335569924 -0.9839189272745159 0.0009007518532612742
-0.07687448433353361 -0.980282999742586 0.1343597318982767

0.5745776771788578 0.8184500552188559 0.0003768013498678927
0.3985193401177747 0.6017837061261972 -0.6880670511180507

0.8852300770899679 0.4651534269628564 0.0007968197250039092
0.4890543967088163 0.1678805012485674 -0.8457217682945576

0.9811206682041949 0.1933965729338402 0.0003221253912530454
0.491588739565986 -0.1202666577002334 -0.8491583955235813

-0.9088180318502377 0.4171927432061353 0.0002900250509825542
-0.3683295272448265 0.6944110652994393 0.6404032174604443

0.7822121508151972 0.6230121596863605 0.0003404357045406966
0.4657934341801483 0.3503458747691781 -0.8045198750659338

-0.9838768546676443 -0.1788472388640742 0.0002013481145067868
-0.4988312382907475 0.1534070404773457 0.8666363792934794

-0.4087080987965411 -0.9126651576444216 0.00066984282252266
-0.343642296331002 -0.7254939184047901 0.5969003010425296

0.9837612575161833 0.1794819996829148 0.0001546804803298481
0.4907671077550738 -0.1342969631568381 -0.8474001155601463

0.5193455340010538 0.8545643429918899 0.0003153419188427808
0.3781553495706754 0.6536227305321076 -0.6526713079238515

0.2940360799316913 -0.9557943208130105 7.164752269721043e-05
-0.01697700931893025 -0.9904250998722547 0.03226668298810363

0.5145216632762643 -0.8574773804710107 0.0005023564695273388
0.1028072160840206 -0.9675354202778754 -0.1760794248322431

0.831690223568137 -0.5552399229352859 0.0002630530591729949
0.3014936197108179 -0.7821921346903351 -0.5197580729075424

-0.3046339842633601 -0.9524694932814546 0.0005305533537891951
-0.3005470206561934 -0.7964024858121084 0.5225323097043104

0.2502244917957701 0.9681878452581134 0.0003306064250035728
0.2687205328134545 0.847119269919455 -0.4631467818478314

0.4321272996248148 0.9018126174094957 0.0009304705388190934
0.3438223456052749 0.7262126749404169 -0.5944326348974215

0.9739860477703612 0.2266079847416495 0.0003465217799727334
0.4934805138731847 -0.08651373687516906 -0.8524844748873548

-0.9820668001673202 -0.1885332862099444 0.0005036700672677364
-0.4997792576237871 0.1436493812232024 0.867673950624964

-0.9993818581176112 0.03515539311956018 0.000419641039760971
-0.4722558104779649 0.3611849967008022 0.820164378864419

-0.958769467032811 -0.2841849909576853 0.0006757983910740452
-0.5041349240819937 0.045561625989159 0.8748756464905514

0.7293807929034065 0.6841079293091098 0.0005415065752070944
0.4503218448727111 0.4250972495765621 -0.7781238950158803

0.86802266607804 0.4965245725790129 6.078150636289514e-05
0.4865380223816689 0.2031006609042358 -0.8398913534433033

0.9649338647298989 -0.262493117428669 0.0007881085803754892
0.4108454330485936 -0.5472042615670931 -0.7102251727763362

0.3065404785491403 -0.9518576232876764 7.499952811560174e-05
-0.01042671650605802 -0.9906805666710502 0.0209138866714986

-0.866867082969311 -0.4985393268983678 0.0009176715415100318
-0.4949611328852758 -0.18690711842351 0.8585045603316197

-0.9931654478095825 -0.1167150087914641 0.0004595589871565707
-0.4935527069695282 0.2152582409457573 0.8569759053447411

-0.4195656883761381 -0.9077249765966878 0.000304336357895187
-0.3476835682926785 -0.7173498693314101 0.6046313307838507

-0.9919697049269915 0.1264757071814877 0.0007268122798231856
-0.4544528040664775 0.4453764302699025 0.7887114043508163

0.9988817747579797 0.04727790241062569 0.0002155299955513668
0.4768064507105897 -0.264422588191765 -0.8233381363385666

-0.736155631889418 -0.676812297197304 0.0005702030684301429
-0.4611344128625048 -0.397550777729394 0.8006093280263236

0.5953867020243828 -0.8034392790077721 0.0005347486880519819
0.1497138317603301 -0.9420992215769828 -0.2573938832771316

-0.767216761635926 0.641387901869752 0.0005342476505626351
-0.2657010842209867 0.8617601438539539 0.4621445931847969

0.382540384109254 -0.9239387720653055 0.0006398443041837786
0.02954982694597154 -0.9884494187402577 -0.04946128580348033

-0.9071224639045384 0.4208667668986937 0.00039369678004358
-0.3670301606079581 0.6973527632291325 0.6379451271014862

