x   y   z
-0.9877663749382134 0.1559409777493419 0.0006781744668749604
0.796360203634676 0.6048226401739087 0.0007396134833877216
0.9061556474377447 -0.4229443729578178 0.0003785284379484786
-0.249857397797462 -0.968282645081425 2.584136351439925e-05
-0.3134392260104774 -0.9496082621786486 0.0001523297118388427
0.9207559066128866 -0.3901391552221863 0.0005735641836959332
-0.6025688307664238 -0.7980669171120834 0.0004920170994677295
0.8189258297730779 -0.5738993686444304 0.0003060335951639786
-0.1280481639795367 -0.991767950531509 0.0002933257042118788
0.3768521180002986 0.9262734375759077 0.0002429851332163998
-0.3148944731283108 -0.9491266884843369 0.0007608700729541545
-0.4370610263011948 -0.8994318536101256 0.0007065594787759969
0.669473277146676 0.7428361401994991 0.0009923547506637169
0.6465731762543616 0.7628519697479624 4.927799670382593e-05
-0.5407233162231062 -0.8412005083763839 0.0003611751667974681
-0.04181758054080319 -0.9991252623959187 0.0005140604719867924
0.8835477836523566 -0.468341023190376 0.0003166269736962835
0.7430782921835434 -0.6692044916806734 0.0008566419159604761
-0.8735613048261209 0.4867141324334903 0.0007488079157627246
0.1011353998008431 0.9948726707006901 0.0008231008635114439
0.5868232160995949 -0.8097150813999503 0.0003392238442303357
0.8870748129182958 0.4616256885031101 0.0005222121192507468
0.8246437301283579 0.5656524713638119 0.0004569700059091275
-0.5011472466002214 0.8653620266830623 0.0002985693963023762
-0.7796171760656453 -0.6262563842256849 0.0005038762563315163
0.5847242849850524 -0.81123209413134 0.000984032504749681
-0.6232558630178009 -0.7820179852240843 3.389021674194959e-05
-0.6193822083368375 -0.7850895999793797 0.0007425846218776647
-0.07818172592685506 0.9969391243857862 0.0003499889330660882
-0.4384105863912637 0.8987748092487173 0.0007095456235664285
-0.463878949292312 0.8858985948761069 0.0003588122233339073
0.9999995711859997 0.0009260819709084955 0.0002412403923890289
-0.589821858296063 -0.8075333896974037 0.0002945554129919325
-0.3077044137094204 0.9514819986651044 0.000249889790294413
-0.9959041941228355 -0.09041480038437091 0.0009104097267200647
-0.9707093100299976 0.2402570195042924 0.0001183919745291786
0.2161810374436148 0.9763532962251945 0.0007821744140455011
-0.8531419732672751 0.5216788029521805 0.0004497107419869818
-0.6986314608129156 0.7154817132271177 0.0002642477531553239
-0.9358969849066355 -0.352273804933987 0.000725508453743296
-0.7323743552999763 0.6809021983361077 4.003267466475724e-05
-0.8851361877034258 0.4653320633889801 0.0007791086304541293
0.8507657123197752 -0.5255451481471649 0.0001509948488579368
0.9585474627048054 -0.284932907439944 9.208911353629479e-05
-0.4532994679324049 -0.8913582850751983 0.0001600061743574834
-0.8325505503693074 -0.5539490780566056 0.0006461512145581247
0.103194535202257 0.9946611925195383 0.0002414159751838367
-0.8802618191512722 -0.4744882819885997 0.0001032789925814465
-0.9893384298800347 -0.1456347182594439 0.000942809098198247
-0.8525754200509892 -0.5226042031259215 7.132986720589951e-05
0.7933909702264417 -0.6087123855838202 0.0009939273244289912
-0.9324244569655945 -0.3613649568682832 0.0008824502419600393
-0.03301959538941301 0.9994547044865613 0.0005795071366609741
0.6997375183959296 -0.7144000317392952 0.0002629146728657251
0.2129989272468538 0.9770524330821194 0.0007817989709524808
0.9125108214482097 -0.4090525647638866 0.0007046464230352217
-0.08290939842751914 0.9965570890081445 0.0004855648461300025
0.7109218875977212 -0.703270978879758 0.0004793918386281848
0.9444416235053732 -0.3286792049864653 5.296248882560861e-05
0.9975028097073873 -0.07062679821334154 0.0005131659440347529
-0.1562573840281152 -0.9877163712000981 0.0007747564829990474
-0.09845515089168351 0.9951414890672059 0.0006614045167819318
-0.6731861477503004 -0.7394730627123011 1.222671580193246e-05
0.4787379043782192 0.8779578685287529 5.414050894283784e-05
0.184035538629332 -0.9829195900588266 0.0009021273458361206
-0.9944017953834978 0.1056648917004892 3.333897951798615e-06
0.7740177401818344 -0.6331639107559797 0.0006906485011736528
-0.5084627950303015 -0.8610839599423356 0.0004517135993852261
-0.9737466342564778 -0.2276345586113439 0.0002169370344043422
-0.9983598104518063 0.05725110369794889 0.0003215701176720147
-0.1208993159160638 0.9926647749421895 0.0007220561671590106
-0.9324725155430175 0.3612409275772569 0.0001488535181775314
0.3490082995381097 -0.9371196331597781 0.0009269626729014983
0.7720607137761811 0.6355487819541579 0.0008607776401480041
0.9506776139301448 -0.3101807124437085 7.655678317028691e-05
-0.9933433098284851 -0.1151914442091528 0.0009553261505973223
-0.9353142155734089 -0.3538181992864397 0.0009134682258111503
0.9843218370664655 0.176381748131995 0.0008336133548738121
-0.2608316134157075 -0.9653843117862227 0.0001255030138187153
0.539388259160866 -0.8420571868224928 5.354991452339786e-05
-0.8808505470122405 -0.473394459017252 0.0008911420547988388
0.3749823438457954 -0.9270319529573475 0.0004284777716572877
-0.5903198058183464 -0.8071694536208551 0.0003838836212913948
0.9883732119248502 -0.1520473411453001 0.0009075450200472328
0.9376560757497606 0.3475645028042408 0.0005477111450202628
0.8741582112285776 0.4856412479821433 0.0009579042403753854
0.9996996680325196 -0.02450660595982398 0.0008640451066720919
0.9952538517911298 0.09731274579889188 0.0007481705439854606
0.9084887004839726 0.4179094173298117 0.0002207543824992907
-0.6117011884323685 -0.7910889052884182 5.398681337031108e-05
-0.0131506718386553 0.9999135261762349 0.0009954792586899493
-0.3962551974133751 0.9181404132935698 0.0002835575917016619
-0.9972605377036842 -0.07396904716811463 0.0008175649967351973
-0.8972801158424638 -0.441461655994872 0.0003164427737456695
0.5510956779144979 0.8344420613703266 0.0002308705301043039
0.72153867239106 -0.6923741360306195 0.0003367932023156617
0.8836517950959819 0.468144747939832 0.000463922741116172
0.8316329452740097 -0.5553257101331398 8.817517987235357e-05
0.3982531845148916 0.9172755316826824 0.0004976621411232349
-0.868422571713837 0.4958248046819821 0.0008203076519227169
